
Latitude: 57.778723
Longitude: 14.163908