
Latitude: 57.778698
Longitude: 14.163758